home1:
  world: survival
  x: -423.34912125826395
  y: 65.0
  z: -6.3710265106008865
  yaw: 139.3585
  pitch: 68.700005
