world: a4c09332-7088-4722-97e8-add6b8852f81
world-name: world
x: 233.15273753498374
y: 259.41273117032335
z: -432.77491124511715
yaw: 4.3009033203125
pitch: 69.14997863769531
name: afk
lastowner: 93a5bf97-e66a-3f0f-893a-c928d492afdb
